46557
190550
5769
383175
5180
96898
405203
366379
410005
402087
218055
5113
368978
217974
89054
39716
3294
443108
3426
397894
393851
259269
5131
226712
373353
370458
178014
26831
338469
74054
205361
442935
43548
425888
253624
289098
178138
376498
45155
26281
74373
423501
426720
97221
205305
382853
222765
409623
220551
84716
73556
15125
30549
4591
25931
417680
13035
4893
3402
378432
243478
442079
247341
386585
97109
209161
19568
195626
405241
107371
4590
426611
370361
124040
249979
78986
26590
205278
409774
446845
373351
194119
442166
391831
413707
368982
3469
429890
51163
259721
194165
451089
29292
141929
139716
383110
43582
420750
27160
205107
96929
397539
74173
29291
78602
393839
209127
89080
413766
420830
29709
369071
397508
15129
79112
73562
438619
109677
215073
4384
416886
373594
146739
394509
247171
15768
209132
184672
433001
107683
45842
397391
43567
19639
29835
220466
4682
36117
247532
10467
383105
4533
397509
29805
1804
22940
397813
382879
45861
19821
1930
73957
159846
146443
438681
84579
121222
76652
74099
5619
201167
159117
118882
50449
25633
5565
14442
24616
14557
43547
184588
2926
1912
48046
3684
12977
20213
1886
3704
397418
5167
116741
39547
370483
97194
44296
74092
194223
217990
46579
184564
383093
27145
1752
27156
282599
88966
152078
259266
386356
6584
107526
9750
3705
20786
383280
2488
397404
1905
5179
74372
21066
35386
6558
201141
12612
4572
34479
1963
4356
83472
3030
205389
382953
382900
21350
34243
29605
3737
74157
50412
50201
270846
19610
176446
74336
25438
397786
397795
29732
110502
107336
451063
202144
19835
4879
185051
15877
3311
23080
29704
31769
124066
73997
188970
194106
370521
425868
249696
205368
83617
188966
26424
31833
242532
370465
31837
189006
26423
26720
29825
107362
26412
206349
121220
442218
75319
413610
29986
247289
73572
4252
111049
107096
233240
376520
124047
220479
126216
247152
451184
393875
430360
43558
108819
382955
378473
207913
425950
29699
45251
75248
39529
23193
146165
48082
435401
262674
154395
46130
188972
124034
126218
220209
15142
28007
413676
122431
81978
425932
96874
74374
414499
153147
22968
220232
74342
39520
41463
4373
126218
197874
442179
382281
48914
220297
152106
386607
198175
414500
15265
83168
12437
129135
4391
97093
383123
205405
244681
380458
151989
435402
382398
130329
451166
136148
397803
83764
15201
124080
44300
15267
12367
417809
451094
157973
83829
188963
12943
153999
234700
386288
202280
47586
376468
426612
43577
73553
244680
197875
29971
401672
446870
153474
97076
204977
425960
139498
376524
423483
414328
370356
113540
382268
417761
174813
152974
97207
370523
368472
140165
197893
191373
27137
21366
430351
438494
29705
74027
43552
5796
45216
142068
29810
78684
234704
265390
45252
45985
416756
26691
265373
152552
409629
289225
46143
75381
243426
31815
228119
158238
19566
44411
205802
222112
425904
25675
46464
398413
383089
25840
143611
414369
442098
24682
270844
19554
74216
174916
31821
21287
397874
44286
423845
39709
34390
45125
373344
373728
74431
50285
34473
366250
122118
383279
253656
397759
74039
247550
368546
442006
27583
409957
222107
373355
46733
43493
80412
113614
44209
370440
414384
84359
425917
45358
394684
193500
393869
87979
366236
230764
49033
84711
253555
5663
397747
159038
19811
414414
416918
107090
240009
438483
51092
49009
407622
158752
5588
205298
109721
380206
87981
382996
432997
5701
202146
409775
12354
438630
21305
83827
213787
79204
438453
23113
46705
420796
370394
126015
227415
397844
220473
43592
383117
126279
205296
23004
239986
21388
425828
46014
23174
130720
382288
373659
370461
39923
380443
12814
107375
417468
370422
36526
378481
413555
29866
386512
5584
253545
413602
88971
438596
253622
74100
46791
414290
31823
369042
5833
12371
5633
107284
376368
397673
33698
45351
397836
247391
40131
432991
130813
174958
33695
378475
386292
409910
29985
74655
205372
253586
397835
74055
45428
382976
51230
383102
425987
393863
79223
48155
8899
205367
386354
126818
26264
96865
23224
107448
30546
46176
74201
426035
74219
22031
366259
414371
439367
370399
83977
5771
253573
407643
30573
31831
240044
222729
234721
5610
206024
207906
202486
5101
1731
73938
109759
81986
22288
383094
405421
152619
77136
45239
4720
89397
5200
44405
96916
5573
397463
89402
89398
373362
382998
12380
25651
5688
159201
6138
451156
39714
184601
34789
19883
8867
26806
202584
4534
393833
19607
15222
405147
146762
118908
184527
4579
22971
159731
1771
382837
247184
21263
24623
397555
19847
83159
397754
1822
397652
19669
29767
25685
13051
97204
23055
12691
5750
146751
423525
3548
9758
46108
31818
24624
397412
46136
36409
3515
383042
1730
15786
12415
39579
49528
159193
4668
45845
1744
1764
73981
157416
9789
142363
50540
2554
83217
21379
5206
397427
397644
417444
25689
89024
74629
41024
29961
220537
19239
397522
46424
5714
4220
31854
6496
3597
6099
3523
135253
22991
8905
184763
202538
43537
159141
184722
202500
22292
159277
147370
89017
159196
19583
111057
184603
9753
5558
205394
342
189882
147375
15255
174796
177501
51135
423429
1798
6577
19725
107254
159266
159821
383070
1831
108920
12408
2506
2489
201323
1877
80522
2932
29887
188962
247353
423430
370409
569
197037
202533
107385
476
8846
201217
201291
202409
539
114915
29965
2471
221511
24603
15793
413660
382279
29945
1418
2949
184582
29910
28011
1518
46165
201409
6526
205419
370555
26795
1446
2730
12391
26480
22952
159241
39715
413550
39469
25614
23077
159826
5550
205273
8897
420894
26726
202412
420729
1760
442930
320
221106
152533
21311
159741
113616
312
1540
1759
46160
380244
159132
1669
48049
73557
365
184563
124065
29698
1732
234712
202590
202470
109694
1625
416894
3113
88789
74621
43522
75262
135216
5780
209118
439391
29979
50514
23012
370350
8446
4463
29731
176433
121188
29808
439541
46049
25836
152086
29695
142051
74627
205417
175119
405286
5860
51147
205388
20842
45133
174806
44492
12411
15797
189915
205332
175009
24672
50943
41023
176452
21360
210135
423497
46057
439528
205123
13166
191343
425997
26415
29785
430423
46041
111259
22035
238136
116723
134739
442143
15814
45165
50129
83418
205047
78979
5861
382282
376345
78688
191312
152034
43566
74619
25556
35073
389597
22974
4458
107505
26849
12356
376568
19876
158745
247412
205314
78989
74398
41158
51182
26617
8785
15235
5719
338404
50191
23228
446839
423512
13047
382887
382351
179598
34250
30550
73932
426010
50538
46708
12403
19567
5597
50212
31736
83010
114905
121237
46025
19580
383092
19859
19606
184630
19637
152737
29940
21251
21365
34939
5705
8813
1876
97092
39720
48083
19630
29980
73991
12430
1884
21297
270861
6037
50305
50343
6143
74568
6638
23157
2906
45993
389734
23188
338458
12378
6499
45441
370720
46071
73945
25750
26815
26410
1853
184764
159035
184464
15121
152087
9710
111220
113512
25618
4629
50345
84541
6521
9704
34225
35080
12438
26428
158691
23187
5162
34811
26416
4761
12942
1956
19837
451102
11304
96938
89089
12388
29913
184706
5622
25523
159314
15138
29929
1940
184737
397587
184618
159823
382973
1998
29918
3092
24664
5648
108871
2708
19881
46720
12946
370489
397403
89064
159212
19632
30747
19695
142357
4870
370417
74006
96873
12955
4577
121138
26809
5679
376307
1934
6563
23105
24657
5698
51375
29936
3017
108809
147435
39505
413714
45368
220390
83731
198401
74211
205313
45864
398589
202571
35095
43503
193608
423593
19642
370560
131008
83320
446968
1996
442806
5198
159765
2404
413774
146764
8395
430635
23109
209114
124451
1527
423442
97102
97042
6520
74206
3236
2513
5260
39503
184584
6579
50171
397665
159091
439388
30013
83156
1564
12496
202432
97088
202421
23239
159832
45450
116733
75404
6640
89093
370351
442766
205406
84550
39504
6034
442104
26830
2613
74119
96896
184660
13038
159173
442237
29708
194919
12407
1763
184485
198375
159041
159215
23100
205275
24685
3135
435420
201227
479
222196
184685
210507
74487
121256
394397
439343
2485
1891
23235
5147
423648
157974
142014
184614
554
88807
50461
201780
23116
82960
205287
380213
12949
43622
29763
97071
6610
96953
202626
208279
89072
205284