45845
202571
96896
12430
430360
84716
9704
15877
442143
205278
26830
370356
383094
11304
3294
113540
97076
44209
83010
46579
29292
201217
48046
202486
19630
2506
442104
9710
29835
442079
82960
191343
129135
5714
89398
116723
3030
382281
1446
50412
44286
13035
74568
27583
46708
29708
45165
174958
19554
46165
1963
220466
6520
5113
88807
439388
12438
386292
19639
389597
202538
376368
142014
397894
247353
50212
397403
108871
121220
158745
416756
413707
439391
366250
29965
142357
80522
184618
202432
407643
206349
159201
159215
88966
4391
84711
194165
12407
5633
50540
34939
107254
438494
1764
97204
146165
410005
1804
21379
247171
369071
29699
446839
12612
6638
73932
21066
2932
74099
44411
1730
83168
2708
25931
397427
29785
12411
89072
569
201167
39505
205287
109759
205296
2485
159277
401672
74119
19239
243478
109677
425950
451094
205361
3092
239986
107090
174813
366259
78688
202590
74655
46130
30546
23109
23187
130720
370489
1798
74621
201291
6037
89093
157973
178014
240044
39716
29810
1760
74373
409957
19695
45216
420796
29709
198175
159823
21311
383102
83156
79112
5833
5260
425917
373351
12371
210135
420830
5861
383175
30550
205298
97093
50345
435402
253573
23228
19669
43522
19606
83217
426720
12814
397813
152533
25685
5719
430423
184672
289098
414499
12380
368472
423430
29910
35073
184614
22292
26423
23004
397587
370440
74211
370458
442935
19632
5584
253624
446870
51163
176433
12955
159266
30013
22968
205284
74100
26691
202280
397404
153999
386288
6496
205314
209161
21388
45450
4879
382887
21287
1853
22971
49033
205047
259266
222765
24657
393863
202584
50514
373728
97109
439541
19568
1886
8905
35095
238136
5588
159091
426612
413602
438483
9758
433001
429890
13166
2949
12415
265373
338469
247550
39469
5769
189882
139716
135253
338458
24624
45861
1540
414414
15121
2613
8897
1763
184564
270844
27160
423483
34390
209118
31821
382268
35080
413610
73945
36117
215073
19642
3311
121188
15255
373594
414500
157974
39547
74027
45842
34225
39520
2906
191312
1732
45358
413766
122118
84359
222107
425997
397412
73553
12356
26617
89089
74206
89054
1930
8785
270846
413660
29887
139498
22288
4384
205802
46705
108819
3705
3704
48083
23174
435420
205123
397836
124047
28007
29980
147370
1996
2926
5796
253545
15138
398413
114915
270861
383123
184464
369042
31818
74006
146764
262674
29945
423525
23224
142068
15768
25689
47586
34250
210507
46464
12942
121222
23116
320
20786
36409
234704
184685
50461
2489
409629
96916
184588
24682
397463
207913
426035
35386
197874
107505
240009
1998
29605
75319
438630
107448
141929
414371
130813
24672
124451
50449
1752
194119
126818
46136
174796
46557
438596
15129
44300
74054
113616
12408
134739
184603
29695
26424
397844
21263
74627
184630
5688
31854
247289
184660
19566
193500
152034
338404
121237
80412
21350
19883
43577
4761
4720
1744
386607
5565
73938
386356
22940
383092
6526
10467
397418
393833
135216
5597
130329
383105
5101
26428
386512
414384
29731
111057
451166
29979
370350
19725
370720
25633
312
2404
74398
397539
45155
87979
378475
24603
208279
247412
43622
4534
46176
29971
370351
78979
31833
442806
29929
45368
146751
205107
124065
394397
74157
217974
380443
342
84550
397747
413550
8846
380244
2730
12977
45251
405286
1876
48155
4682
4356
21305
19567
126216
2513
184485
373659
201141
15142
8395
146443
158238
46025
206024
220390
405241
378432
143611
425960
39579
6499
370461
370409
89080
376345
376568
31837
108920
19835
97207
4577
15235
51182
9750
188963
204977
4893
87981
73981
6521
45351
1877
205406
393839
22035
26416
366236
409774
209132
476
124040
15814
539
3017
46160
397874
29936
383110
205405
5771
96874
45252
175119
202409
242532
402087
416886
19847
124080
380458
382398
426010
12378
159826
23239
1564
89064
397555
34243
202144
44492
21297
24623
39504
14557
382288
29805
389734
368978
159846
376498
205394
417468
31736
74629
6579
159212
39715
383089
382351
253656
51230
383070
77136
370523
151989
432997
397391
222112
5663
221106
152974
31823
1527
220232
126218
96929
26831
4579
1891
83320
5573
205368
423512
222729
1731
12943
393875
29767
439528
442098
397665
50191
247341
249696
96938
423593
370422
178138
378481
12437
113512
39529
23193
75262
43503
23113
193608
259721
451102
234700
19859
75404
443108
4533
15793
46791
201227
26281
176452
430635
14442
96873
109721
153147
382998
409775
442766
19610
48049
365
12388
30549
5198
4463
373362
189915
201323
397522
147375
380206
152106
19637
108809
97221
222196
107371
23188
205275
383280
142363
4870
5180
26849
179598
29940
213787
73562
73572
3402
78986
83827
12354
197893
184706
46143
158691
405203
4458
12949
159041
73556
158752
51135
22974
253586
373353
6143
184763
5131
205313
43567
12691
84541
6610
194919
234721
152087
74201
43537
23055
378473
97102
45428
107336
205372
191373
31815
370394
442930
4220
438681
438453
197875
1822
4572
184722
370361
136148
29913
50943
425987
442006
74216
1759
394684
23080
1669
19876
423845
8813
73557
194223
121138
25840
111049
44296
382976
157416
74173
6563
393851
26264
4590
188972
40131
146762
43592
4629
46424
78989
27137
30747
97042
22952
152619
25836
425828
5167
25523
554
220479
409623
24616
96865
209114
159173
220209
226712
413774
74336
50171
386354
29732
393869
417761
23105
43552
89017
202470
81986
159038
19607
24664
417680
26795
41023
33698
159141
205273
1934
73997
96953
23077
159821
380213
29918
220551
397652
25618
184582
97071
370483
376524
50343
8899
48914
409910
3548
417809
382282
107526
184737
50305
116733
5701
83731
159193
107385
373355
425904
205419
74219
34789
49528
114905
3515
265390
405147
6640
5648
46057
26720
420729
12403
89402
383093
197037
126279
83977
3113
416918
19583
9753
154395
74487
201780
29763
4591
50538
131008
189006
174916
397673
126218
425868
36526
74092
184601
4252
29961
152078
188966
45239
45441
51092
185051
43582
2554
423501
15797
366379
438619
205417
397509
1884
51375
12391
84579
22031
30573
46071
46014
227415
417444
46733
12367
423648
9789
152086
74342
194106
1912
220473
15786
29808
370399
3469
29698
376307
209127
383117
33695
49009
442237
39714
1625
46108
3135
382955
34479
407622
5780
46720
376468
29986
391831
15201
205332
432991
177501
122431
159241
39709
420894
442179
6099
13051
113614
244681
48082
121256
247152
2471
110502
140165
12946
446968
159117
397754
244680
397835
111259
74372
19837
13038
202146
23012
50129
413676
21251
3523
29866
3236
397803
25438
25750
118882
43548
190550
19881
416894
4373
159832
1956
289225
107375
1418
397795
96898
184527
107362
233240
29291
51147
25614
26415
220297
13047
5860
159196
247184
88971
75381
89397
74619
234712
26410
83829
184563
97088
20213
397759
442166
19821
221511
25675
146739
43493
44405
31831
397644
383279
46049
6558
107096
202533
50285
159731
368546
153474
25651
397786
198375
430351
26590
19580
126015
78684
217990
176446
5698
205367
124066
383042
41463
97092
5622
370560
205389
218055
382279
107284
159765
74431
45864
159035
386585
5610
370465
207906
1518
19811
439367
253622
34473
423442
15222
12496
31769
414369
382837
21365
83472
394509
159741
423429
27156
74055
382996
43547
25556
15265
370555
282599
88789
479
382973
23235
202626
142051
8446
124034
174806
5705
28011
6034
5558
39720
6138
26809
29825
34811
175009
45985
205305
370521
20842
109694
73991
50201
446845
426611
15125
184584
15267
414290
202412
5750
79204
29985
413714
5200
147435
111220
220537
188962
21360
116741
5679
78602
382879
420750
184764
5179
45125
451089
23157
43566
205388
425932
423497
382853
43558
159314
22991
249979
1771
414328
6584
425888
21366
23100
3684
201409
439343
442218
451063
83418
27145
202421
376520
451184
435401
3737
259269
202500
6577
89024
373344
29704
5619
73957
24685
83764
76652
152737
8867
39923
243426
1905
228119
97194
83617
26480
368982
152552
74374
451156
3426
29705
198401
253555
45993
5206
107683
398589
118908
247391
370417
405421
46041
382953
247532
1831
75248
413555
79223
41024
188970
39503
5147
83159
5550
26806
5162
1940
45133
2488
41158
81978
382900
26412
26815
4668
3597
159132
397508
230764
26726
74039
195626
